version 3
run Sched1-0-20231129-14:48:40-18120
attr configname Sched1
attr datetime 20231129-14:48:40
attr datetimef 20231129-144840
attr experiment Sched1
attr inifile omnetpp.ini
attr iterationvars ""
attr iterationvarsd ""
attr iterationvarsf ""
attr measurement ""
attr network Network
attr processid 18120
attr repetition 0
attr replication #0
attr resultdir results
attr runnumber 0
attr seedset 0
config description "wrr config"
config *.nrHP 1
config *.nrMP 2
config *.nrLP 1
config Network.sources[0].sendIaTime "6 ms"
config Network.sources[1].sendIaTime "6 ms"
config Network.sources[2].sendIaTime "6 ms"
config Network.sources[3].sendIaTime "6 ms"
config Network.scheduler.algorithm "\"wrr\""
config **.scheduler.currPriorityHq.result-recording-modes +histogram
config **.scheduler.currPriorityMq.result-recording-modes +histogram
config **.scheduler.currPriorityLq.result-recording-modes +histogram
config network Network
config sim-time-limit 100h
config cpu-time-limit 300s

vector 0 Network.sink currPriorityHq:vector ETV
attr interpolationmode none
attr recordingmode vector
attr source prioritySignalHq
attr title "last time served"
vector 1 Network.sink currPriorityMq:vector ETV
attr interpolationmode none
attr recordingmode vector
attr source prioritySignalMq
attr title "last time served"
vector 2 Network.sink currPriorityLq:vector ETV
attr interpolationmode none
attr recordingmode vector
attr source prioritySignalLq
attr title "last time served"
0	19	1	1
0	41	5	0.224752972605
0	78	11	0.68541418378
0	166	23	1.411629858564
0	285	42	0.522156178994
0	302	44	2.080044046204
0	318	46	1.610576068748
0	331	48	3.488022538354
0	344	50	2.732533714823
0	392	58	0.007607734191
0	462	71	0.762254438721
0	516	80	0.078241989366
0	530	82	1.322995532738
0	581	90	1.671629319396
0	693	106	0.305106451474
0	714	108	1.433438287721
0	733	110	3.319626872514
0	747	112	2.969002008454
0	763	114	3.460350416005
0	779	116	2.529008120157
0	852	128	0.555527874872
0	868	130	1.928160520221
0	881	132	3.555468777423
0	1013	151	1.554186670695
0	1041	155	0.487619909529
0	1057	157	1.841809260593
0	1094	163	1.49485078048
0	1107	165	2.439369507926
0	1308	196	1.278767406467
0	1375	206	0.956777460168
0	1388	208	2.350568808314
0	1500	228	0.909038574248
0	1534	232	1.309357254402
0	1550	234	1.31489580862
0	1704	258	1.965475071548
0	1786	270	1.946031936505
0	1799	272	3.425409042468
0	1887	286	1.52987347041
0	1972	296	0.482178641488
0	2024	304	1.686373789653
0	2040	306	1.644293360242
0	2167	326	1.993434293953
0	2204	332	1.155786512756
0	2226	336	1.577510146779
0	2365	358	0.519470647317
0	2447	372	1.710487947418
0	2472	376	1.535691182015
0	2503	380	0.96448455424
0	2531	384	1.950619764674
0	2559	388	0.163898371711
0	2574	390	0.010335076492
0	2633	398	1.534413884558
0	2646	400	0.174647464114
0	2665	402	1.301203593427
0	2681	404	2.649921002458
0	2694	406	2.524576208985
0	2710	408	1.902408126341
0	2741	412	1.08709621179
0	2786	418	0.751998559832
0	2869	432	1.140194603677
0	2936	442	1.294809136116
0	2951	444	2.665518122514
0	2965	446	2.059444186851
0	2978	448	0.258668480515
0	3048	460	1.22027177005
0	3061	462	2.990574292741
0	3071	464	3.92662084187
0	3087	466	1.667113278526
0	3127	472	1.931314734992
0	3196	484	1.919395761836
0	3234	488	0.868109991444
0	3259	492	1.242315560358
0	3314	500	1.560310337484
0	3324	502	3.459703741531
0	3385	512	1.840240316584
0	3398	514	1.16272339347
0	3447	522	1.306933209333
0	3478	526	0.890146609414
0	3506	528	1.551311360809
0	3522	530	2.364334316054
0	3538	532	0.628750252183
0	3650	550	1.321484521742
0	3689	556	1.492591573172
0	3856	584	0.217794245211
0	3871	586	0.785277008124
0	3894	588	1.372129567613
0	3907	590	2.135937276715
0	3929	594	1.078064624229
0	3953	598	1.467990705083
0	3981	602	1.422523287266
0	4003	604	1.661477375726
0	4016	606	3.126551635755
0	4032	608	4.767865858263
0	4048	610	6.419431685567
0	4058	612	5.000046293728
0	4116	621	1.228025726539
0	4143	625	0.536171401285
0	4192	633	1.710940368041
0	4220	637	1.803555976535
0	4296	649	0.18451588183
0	4309	651	0.350886470944
0	4328	653	1.465310273597
0	4341	655	3.340106961936
0	4351	657	3.777998492653
0	4415	667	0.976618767804
0	4452	673	1.651607196902
0	4480	677	1.251401157894
0	4496	679	3.251069046523
0	4559	689	0.886141601238
0	4672	707	0.567033583678
0	4688	709	0.308457474549
0	4827	729	1.365884226055
0	4843	731	1.414588118197
0	4892	739	1.166508395386
0	4929	743	0.79536533898
0	4954	747	1.063143824493
0	5035	757	0.051563406856
0	5097	767	1.805505320334
0	5113	769	2.33431676448
0	5126	771	3.811665264929
0	5163	777	1.511766468022
0	5185	779	3.231640006155
0	5302	797	1.620661601218
0	5448	821	0.684835027839
0	5464	823	0.208455827478
0	5579	843	0.65492996437
0	5643	853	1.022177385963
0	5656	855	0.94165756323
0	5734	867	1.773067705338
0	5751	869	1.213852833119
0	5761	871	2.2518482662
0	5807	879	1.15543468725
0	5976	905	1.944278129764
0	5995	907	3.172796706107
0	6011	909	3.648728436006
0	6021	911	5.030918253691
0	6067	919	1.139576207038
0	6119	929	1.807810044911
0	6221	942	0.585484561227
0	6234	944	0.224470094491
0	6283	952	0.465582941716
0	6356	962	1.632357993754
0	6423	972	1.654563309709
0	6490	982	1.03684437045
0	6509	984	2.19103706396
0	6543	988	0.813061833837
0	6574	992	0.35156268318
0	6662	1004	0.862509137324
0	6672	1006	2.511341743645
0	6715	1012	1.347261520074
0	6748	1018	0.485117796554
0	6774	1020	0.68316731484
0	6823	1026	1.368603438661
0	6923	1042	1.813911785961
0	6942	1044	1.615204034965
0	6973	1048	0.445199084194
0	6998	1052	0.575748137198
0	7014	1054	2.359731158702
0	7069	1062	1.174640645042
0	7115	1068	0.311868370329
0	7155	1072	1.319714373109
0	7237	1086	1.260274792553
0	7250	1088	2.740572825872
0	7263	1090	1.058947567426
0	7318	1098	1.33117571697
0	7340	1102	1.997222238021
0	7356	1104	0.151380966438
0	7393	1110	0.94356107433
0	7457	1118	0.460861097093
0	7473	1120	2.401974478704
0	7522	1128	0.852637741945
0	7634	1146	0.414186405233
0	7685	1156	0.099770534502
0	7879	1186	0.798776592431
0	8015	1206	1.636205356337
0	8057	1212	0.794532094823
0	8140	1224	0.576766971191
0	8159	1226	2.37496344567
0	8190	1230	1.941443326035
0	8245	1236	1.645390330473
0	8264	1238	0.813581803841
0	8304	1244	1.032025626106
0	8464	1272	1.190345650407
0	8486	1274	0.436178085482
0	8550	1284	0.724211686964
0	8578	1288	1.848935520064
0	8612	1294	1.819335665706
0	8643	1298	1.44907022751
0	8665	1302	1.317986899245
0	8699	1306	1.968026163656
0	8763	1316	1.59330833756
0	8850	1330	0.054351464577
0	8921	1342	1.931041732032
0	8955	1348	0.764102070984
0	9046	1362	1.121859070858
0	9071	1366	1.087561658631
0	9084	1368	1.492662364497
0	9097	1370	0.832655988489
0	9143	1378	1.810041608407
0	9159	1380	3.449271393627
0	9232	1392	0.535484887545
0	9269	1396	1.72271073771
0	9309	1402	0.883938297723
0	9343	1406	1.304638796461
0	9359	1408	0.702649664218
0	9381	1412	0.51502437123
0	9424	1418	1.652065488137
0	9458	1424	1.621371596702
0	9561	1440	0.719901216914
0	9583	1444	1.11297333861
0	9632	1452	1.704894082289
0	9651	1454	1.626294117319
0	9661	1456	2.634536043395
0	9683	1458	1.074552633831
0	9693	1460	2.23008170126
0	9727	1464	0.670250099479
0	9842	1484	1.31835359718
0	9861	1486	1.522235579532
0	9955	1500	1.897974935152
0	9971	1502	0.815861255567
0	10053	1516	1.677980968218
0	10069	1518	0.876794906838
0	10082	1520	2.715511189777
0	10125	1526	0.383447546574
0	10192	1538	0.486572064931
0	10208	1540	0.731268457784
0	10221	1542	0.328979269028
0	10318	1556	1.127003346363
0	10352	1562	1.283731797484
0	10368	1564	1.907828767664
0	10402	1570	1.125085577778
0	10451	1576	0.358522976339
0	10467	1578	0.364959234867
0	10480	1580	2.1807485968
0	10502	1584	0.132667353894
0	10539	1588	1.995672664513
0	10555	1590	1.197890505888
0	10574	1592	0.509362695636
0	10608	1596	0.317876659162
0	10702	1610	0.120135076078
0	10720	1612	0.067086926382
0	10767	1620	1.379420908387
0	10789	1622	0.424772650125
0	10826	1628	0.173705861199
0	10860	1634	0.842533587246
0	10978	1654	1.098640605689
0	11006	1658	0.82090173092
0	11022	1660	0.382424530435
0	11038	1662	1.768613844378
0	11063	1666	1.077307305752
0	11091	1670	0.674087503617
0	11139	1678	1.569921085535
0	11156	1680	2.019165593229
0	11214	1690	1.49847688357
0	11292	1702	0.771550142495
0	11363	1714	0.447235239313
0	11400	1720	1.770025066329
0	11437	1726	0.920331925203
0	11453	1728	0.889685128299
0	11463	1730	2.626121723539
0	11560	1744	1.48801695541
0	11578	1746	1.34771943937
0	11589	1748	2.298257878795
0	11611	1752	1.09172702116
0	11648	1758	1.624852172738
0	11669	1760	1.993657141292
0	11698	1764	0.77596497627
0	11741	1770	0.882535869814
0	11841	1784	0.368227504863
0	11929	1798	0.667863298347
0	12170	1836	1.492402586015
0	12210	1842	1.477028136045
0	12228	1844	0.076816376946
0	12254	1848	0.418243339798
0	12282	1852	1.948039872562
0	12418	1872	0.809131825186
0	12563	1898	1.75647019982
0	12681	1920	1.321579331582
0	12694	1922	1.414963283291
0	12728	1924	0.962657357886
0	12744	1926	2.574555727015
0	12760	1928	3.688764427627
0	12773	1930	3.877034406692
0	12843	1940	1.585535467109
0	12934	1956	1.048257002243
0	12971	1962	1.607078358407
0	13047	1974	0.264381463906
0	13060	1976	1.006994549551
0	13100	1982	0.591008199343
0	13116	1984	2.537179875339
0	13129	1986	3.923268997904
0	13142	1988	5.355868578898
0	13152	1990	3.223603515161
0	13167	1992	0.003124052959
0	13192	1994	0.344197948353
0	13269	2006	0.565458211011
0	13297	2010	0.900933161821
0	13421	2030	0.386114145703
0	13458	2034	1.323038690089
0	13513	2042	1.817346726137
0	13531	2044	0.76077566481
0	13560	2048	1.943127472039
0	13624	2058	1.573571234233
0	13682	2066	1.798304335241
0	13698	2068	0.67937266596
0	13759	2076	1.170318924256
0	13784	2080	0.629193020898
0	13826	2086	0.055293799401
0	13843	2088	1.401102617672
0	13913	2100	1.289120058107
0	14007	2116	0.68051971198
0	14026	2118	1.411992662112
0	14039	2120	3.296144030956
0	14097	2130	1.979453389912
0	14136	2136	0.330344674613
0	14153	2138	0.126735669628
0	14177	2140	1.591709176019
0	14211	2142	2.090189493601
0	14228	2144	3.938622762796
0	14247	2146	4.090989989312
0	14257	2148	3.323635323672
0	14330	2160	0.795615445011
0	14348	2162	1.4597823328
0	14361	2164	0.055573614805
0	14408	2170	1.547939372784
0	14472	2178	1.205603409424
0	14551	2192	1.643200725169
0	14567	2194	2.35870755719
0	14726	2218	0.138709048624
0	14746	2220	0.189808220746
0	14759	2222	1.440643073714
0	14784	2224	0.420086380988
0	14923	2246	1.232637978038
0	14960	2252	1.60458928439
0	14973	2254	1.216223254464
0	15031	2264	1.478283152045
0	15046	2266	0.258550654213
0	15144	2282	0.232400813165
0	15184	2286	0.902210461278
0	15326	2310	1.85071264049
0	15398	2322	0.029071380711
0	15412	2324	1.625289577489
0	15452	2332	0.20745944984
0	15498	2340	1.267263711645
0	15525	2342	1.690731252007
0	15548	2346	1.046298995915
0	15599	2354	1.377781232583
0	15619	2356	2.083582184928
0	15646	2360	1.996770516334
0	15663	2362	0.541232679109
0	15688	2366	1.201016694534
0	15745	2376	0.097502815018
0	15768	2378	1.449226413782
0	15781	2380	2.428883881024
0	15796	2382	2.252737063788
0	15813	2384	2.550236448548
0	15826	2386	4.08013764199
0	15845	2388	5.856661088171
0	15858	2390	4.539865087145
0	15874	2392	5.85670114331
0	15926	2400	1.246539638833
0	15957	2406	1.581692126434
0	16069	2422	1.402483002913
0	16094	2426	1.439639637225
0	16110	2428	0.291076972782
0	16156	2436	0.963395911349
0	16211	2444	1.556072692663
0	16235	2448	0.055429462544
0	16300	2458	1.238229567328
0	16328	2462	1.575628309083
0	16353	2464	1.982658053196
0	16372	2466	3.267068833345
0	16388	2468	2.935267435958
0	16401	2470	2.185620057626
0	16444	2476	0.412880074069
0	16466	2478	2.409603354314
0	16491	2480	3.305759692531
0	16510	2482	4.906128869085
0	16520	2484	6.512149758024
0	16533	2486	6.67028546277
0	16600	2496	0.505939352877
0	16649	2504	1.974242314556
0	16680	2508	1.121501556876
0	16693	2510	2.9649377671
0	16715	2512	1.048476043845
0	16728	2514	0.96907398907
0	16783	2522	0.527490717413
0	16805	2524	1.388140172635
0	16839	2530	0.761459342724
0	16879	2536	1.429235177052
0	16901	2540	0.294139848393
0	16926	2544	1.131127110212
0	16948	2546	0.325382646602
0	17033	2560	1.132790908608
0	17073	2566	0.218324792346
0	17160	2580	1.230561738286
0	17174	2582	2.323419179623
0	17192	2584	1.655108449892
0	17281	2598	0.247572131306
0	17330	2604	0.962126427651
0	17354	2608	0.89975615352
0	17398	2616	0.318440063975
0	17417	2618	1.087223154003
0	17442	2622	0.522923542995
0	17461	2624	0.153371790447
0	17489	2628	0.60032296658
0	17505	2630	0.741510159223
0	17524	2632	0.616318474708
0	17671	2656	1.668900536074
0	17688	2658	1.134479839656
0	17802	2678	1.232075573395
0	17834	2682	1.738989254574
0	17850	2684	0.169731719224
0	17869	2686	1.035860618916
0	17882	2688	2.502374444846
0	17895	2690	0.365296913317
0	17962	2702	0.270392127292
0	17993	2706	1.19114183989
0	18080	2718	0.02253954718
0	18136	2728	1.911607030783
0	18155	2730	1.468543947553
0	18165	2732	2.311606014751
0	18213	2738	0.565829781233
0	18224	2740	2.214476691297
0	18236	2742	0.087228062401
0	18256	2744	1.538596174153
0	18268	2746	2.930047473812
0	18327	2756	0.98275363084
0	18343	2758	0.787744596008
0	18514	2785	0.863954128619
0	18586	2796	1.341970024618
0	18638	2804	1.230888883227
0	18651	2806	2.967652815514
0	18666	2808	2.476774448588
0	18680	2810	2.046335073493
0	18693	2812	3.415952076085
0	18709	2814	0.144979133096
0	18791	2826	1.855440508493
0	18855	2836	1.767254137011
0	18871	2838	1.20376843918
0	18920	2846	1.864629995874
0	19064	2868	1.094435993539
0	19075	2870	2.031449528041
0	19088	2872	1.969397218087
0	19119	2878	0.726970252672
0	19132	2880	1.537762329365
0	19147	2882	0.050518510691
0	19164	2884	0.6566863258
0	19203	2890	0.095570062926
0	19241	2896	0.536348599704
0	19269	2900	0.429834950329
0	19345	2910	1.21464575565
0	19370	2914	1.261194474624
0	19422	2922	1.40902351622
0	19471	2930	1.44508568129
0	19487	2932	2.279939808604
0	19578	2948	1.482803197819
0	19602	2951	0.706055789828
0	19663	2961	0.115085112381
0	19757	2977	0.830377607029
0	19794	2983	1.46822625657
0	19822	2987	1.400313126299
0	19835	2989	0.713823477752
0	19916	3000	0.939881844717
0	19935	3002	2.562274953541
0	19945	3004	2.997456016169
0	19961	3006	0.755647031846
0	19977	3008	1.184249488351
0	19996	3010	2.56755729623
0	20006	3012	3.81331596364
0	20025	3014	1.472639963248
0	20040	3016	1.914988485184
0	20075	3022	1.131748304422
0	20181	3038	1.956959664616
0	20275	3050	1.259256576382
0	20288	3052	2.577068405862
0	20337	3060	1.068954164864
0	20374	3064	1.88670617563
0	20387	3066	2.210978763559
0	20412	3070	0.881274150612
0	20440	3074	0.839909407832
0	20486	3082	0.662069417692
0	20499	3084	1.102777705206
0	20599	3102	1.301039742717
0	20629	3106	1.256030365925
0	20652	3108	2.026060521592
0	20857	3140	1.168147413168
0	20870	3142	2.898060528197
0	20883	3144	3.980431107723
0	20899	3146	1.375767569501
0	20927	3150	1.758884143234
0	20949	3152	1.390685347917
0	20965	3154	3.243252473269
0	20978	3156	3.381328785036
0	20994	3158	1.310211494141
0	21034	3162	1.440356468013
0	21047	3164	3.02935237732
0	21060	3166	3.176877769666
0	21073	3168	1.209859664922
0	21089	3170	1.434656421803
0	21123	3176	0.653211388236
0	21157	3180	1.039961623936
0	21269	3196	1.129217871469
0	21285	3198	3.060697352208
0	21307	3200	0.268924369586
0	21430	3220	0.065254496415
0	21450	3222	0.834552643343
0	21538	3236	1.259487820603
0	21575	3242	1.138527452452
0	21588	3244	1.85308192161
0	21607	3246	0.808905985157
0	21637	3250	0.669334554381
0	21753	3270	0.140114077388
0	21844	3286	0.611312079167
0	21872	3290	1.98748894298
0	21927	3298	1.550927840583
0	21979	3306	1.013562271725
0	22103	3326	0.536082695629
0	22116	3328	1.464488437242
0	22183	3340	0.898883751967
0	22265	3354	1.983266834126
0	22281	3356	0.146608873738
0	22312	3360	0.164722822341
0	22328	3362	0.760380544595
0	22341	3364	0.103641012326
0	22357	3366	1.031146691687
0	22382	3370	1.537494704777
0	22407	3372	1.708118738862
0	22423	3374	3.359978151891
0	22535	3394	0.417624709875
0	22656	3414	0.733903635317
0	22696	3420	1.186106116703
0	22706	3422	2.364167367376
0	22719	3424	1.606309199112
0	22765	3432	1.007585707634
0	22787	3434	1.676883811637
0	22806	3436	2.599831635706
0	22816	3438	2.193019538352
0	22841	3442	1.058151616828
0	22857	3444	1.079960497219
0	22972	3462	1.361407627686
0	22988	3464	1.861261914277
0	23013	3468	1.743658969152
0	23035	3470	1.368466433947
0	23057	3472	0.333180849364
0	23091	3476	1.749427812788
0	23148	3484	0.940918335792
0	23165	3486	0.512647144047
0	23280	3506	1.82982217292
0	23296	3508	3.170994290722
0	23306	3510	5.139019000241
0	23319	3512	1.108587982457
0	23422	3526	1.400573148715
0	23447	3530	1.969348558697
0	23514	3540	0.88310883681
0	23530	3542	1.891857539683
0	23555	3546	1.895488528191
0	23604	3554	1.824395056802
0	23701	3570	1.687878726303
0	23711	3572	2.813918737292
0	23751	3578	1.050890097577
0	23811	3588	1.476084355167
0	23864	3596	0.407421808084
0	23877	3598	0.700356817547
0	23914	3604	0.409403512483
0	23960	3612	0.793403513789
0	24021	3622	0.631568540373
0	24094	3632	0.90384892425
0	24140	3638	0.199111714098
0	24152	3640	0.047832206462
0	24217	3650	1.587566462034
0	24296	3662	1.777559820981
0	24333	3668	0.850288349207
0	24409	3678	1.161327582311
0	24419	3680	3.104811142955
0	24432	3682	4.790686020372
0	24448	3684	6.142568744269
0	24467	3686	2.222921886656
0	24483	3688	3.845971694675
0	24493	3690	4.729298907527
0	24554	3700	1.710667261824
0	24582	3704	1.375675249807
0	24592	3706	3.371524512511
0	24749	3734	1.879307535914
0	24804	3742	1.38109757334
0	24823	3744	3.15155614201
0	24838	3746	3.918137289192
0	24888	3752	1.067615005555
0	24901	3754	2.850233428354
0	24935	3758	0.30284792882
0	24954	3760	1.914407960617
0	24973	3762	1.959058768219
0	24986	3764	2.84604776646
0	25107	3782	0.715300988884
0	25125	3784	0.001424844838
0	25229	3802	0.211008660502
0	25263	3808	0.73847164106
0	25279	3810	2.52939536134
0	25291	3812	3.76977507788
0	25323	3818	0.245319506595
0	25387	3828	1.117259316342
0	25475	3842	0.231269660316
0	25574	3861	0.618486215263
0	25638	3874	1.75323458143
0	25684	3880	1.566069497097
0	25697	3882	0.19338992567
0	25808	3899	1.879884704392
0	25832	3903	0.073534475656
0	25872	3908	2.92790082444
0	25888	3910	0.104228066491
0	25904	3912	0.558155120325
0	25974	3920	1.812249546682
0	25986	3922	2.435684417468
0	25997	3924	2.027476639504
0	26013	3926	1.225610821273
0	26029	3928	2.911196428449
0	26042	3930	2.322925375268
0	26058	3932	0.513727055253
0	26173	3950	0.910736868409
0	26183	3952	2.80316626215
0	26216	3957	1.320838993695
0	26413	3991	2.084202900598
1	24	2	2
1	33	4	4
1	61	8	2.608637669096
1	70	10	2.464415451716
1	98	14	1.741208611824
1	122	18	0.899365653789
1	134	20	1.879170053464
1	174	24	3.988596671459
1	186	26	4.426054872166
1	198	28	6.075746857608
1	207	30	7.869641836634
1	216	32	8.165610012557
1	225	34	8.968029206943
1	245	37	9.268931923052
1	263	39	4.554652501205
1	294	43	5.235664721102
1	313	45	6.631357097878
1	323	47	5.638125043783
1	336	49	6.199067603701
1	349	51	7.652101446955
1	361	53	3.384426397106
1	385	57	4.787909458133
1	414	62	0.753203906309
1	450	69	0.48340682505
1	506	79	0.851969482681
1	546	85	0.681872691458
1	576	89	1.75275363874
1	589	91	2.82437555574
1	616	95	4.553281445363
1	631	97	4.199367604936
1	661	101	7.52769064114
1	670	103	6.314296319773
1	704	107	8.470614206858
1	723	109	10.025093364801
1	752	113	13.233394514675
1	771	115	11.578899975577
1	793	119	14.114609031158
1	805	121	13.095564410291
1	820	123	14.122745473615
1	829	125	15.072600797485
1	841	127	12.440765410565
1	863	129	13.315312933276
1	886	133	13.728836472366
1	898	135	13.569931682365
1	907	137	15.055725502059
1	927	140	14.608531061612
1	945	142	14.872964181385
1	975	146	11.696317384643
1	984	148	8.650424691446
1	1021	152	11.525868295339
1	1033	154	13.343312595717
1	1062	158	16.108628058843
1	1074	160	17.280455928272
1	1099	164	20.682888423993
1	1112	166	20.409116638297
1	1121	168	19.69650427695
1	1130	170	19.337828933125
1	1142	172	20.946199789526
1	1162	175	18.302602902126
1	1174	177	18.896793789473
1	1207	181	16.848678316952
1	1222	183	12.496222026387
1	1246	187	11.264726904633
1	1264	189	11.21921871247
1	1291	193	13.537556661596
1	1303	195	15.497077418686
1	1331	199	18.458312681809
1	1343	201	17.983305302274
1	1364	205	19.676372217172
1	1380	207	19.387037156927
1	1408	211	22.494763541414
1	1417	213	23.574872119377
1	1438	217	19.454951541779
1	1450	219	21.372964071194
1	1471	223	24.760094782044
1	1483	225	20.909483177106
1	1508	229	21.651732768265
1	1529	231	20.190596982582
1	1558	235	20.396577404207
1	1570	237	18.121075844208
1	1597	241	11.157544010758
1	1612	243	13.036403241881
1	1639	247	16.796545447531
1	1654	249	15.299275114329
1	1672	253	18.530934522462
1	1684	255	17.858417750943
1	1709	259	17.924540044761
1	1724	261	19.549512137184
1	1751	265	21.62833435159
1	1766	267	20.419028097049
1	1794	271	16.804088955174
1	1807	273	13.807027858777
1	1834	277	15.95653881819
1	1843	279	17.395557398538
1	1870	283	17.511985115508
1	1882	285	14.364611269063
1	1907	289	16.412568775889
1	1928	291	16.111207491297
1	1957	295	20.054802987313
1	1980	297	20.482063256677
1	2004	301	19.449727526768
1	2019	303	15.398097350666
1	2047	307	17.890124666114
1	2063	309	19.348172348509
1	2087	313	22.676022034711
1	2099	315	20.049398096753
1	2123	319	23.847237635903
1	2132	321	25.818998392949
1	2162	325	28.868949355566
1	2172	327	29.279012720486
1	2198	331	31.390682755358
1	2209	333	31.810451162676
1	2234	337	30.091630834738
1	2243	339	30.37550499969
1	2270	343	33.837903920174
1	2285	345	32.811841080647
1	2306	349	35.225147192716
1	2318	351	33.432295855932
1	2342	355	31.320343475819
1	2354	357	29.642745737551
1	2385	361	30.087001572838
1	2394	363	21.006653534513
1	2415	367	24.846242293695
1	2427	369	26.26549365034
1	2452	373	28.72812149405
1	2464	375	27.543786514351
1	2492	379	28.513674027823
1	2508	381	29.524582298955
1	2536	385	27.761981926761
1	2545	387	27.50754887232
1	2580	391	26.747585922547
1	2592	393	23.420417459927
1	2625	397	20.953408155108
1	2638	399	21.381064705055
1	2673	403	23.321326154013
1	2689	405	22.012950213208
1	2715	409	25.184282641183
1	2735	411	23.319654391247
1	2761	415	27.203375703159
1	2773	417	28.418532930769
1	2810	421	29.392609409374
1	2822	423	29.35462101388
1	2840	427	31.299023265691
1	2849	429	32.864271827186
1	2877	433	31.524772931065
1	2886	435	32.943236403604
1	2910	439	34.566396587965
1	2925	441	33.879905568059
1	2957	445	35.204022118132
1	2970	447	34.755427154201
1	2995	451	36.432646601307
1	3007	453	36.849965805845
1	3028	457	39.349476835979
1	3040	459	41.044983594582
1	3066	463	44.435715084452
1	3079	465	45.821791395337
1	3110	469	48.295946290833
1	3122	471	48.387022086767
1	3141	475	39.037534143415
1	3153	477	33.73541717139
1	3174	481	35.469087727771
1	3186	483	32.21977202192
1	3223	487	35.248551501646
1	3239	489	23.147487763142
1	3264	493	26.052256151846
1	3282	495	27.259153894158
1	3309	499	22.200213160502
1	3319	501	14.876744608148
1	3338	505	18.674023894837
1	3350	507	20.319898552541
1	3379	511	24.24397158896
1	3393	513	19.071340191267
1	3415	517	20.341869122517
1	3426	519	8.020817519713
1	3455	523	4.082105571094
1	3470	525	4.952335719779
1	3514	529	6.464660463825
1	3527	531	4.429897362823
1	3552	535	8.317724540297
1	3564	537	9.192610833081
1	3585	541	12.713147007098
1	3597	543	13.671576602221
1	3615	547	15.129633994081
1	3642	549	8.256960644441
1	3667	553	5.336320818788
1	3682	555	6.944179824381
1	3710	559	6.784981207156
1	3722	561	4.151333461184
1	3743	565	6.285526631365
1	3755	567	7.579155767904
1	3776	571	6.574548386112
1	3788	573	6.759576796361
1	3809	577	7.972070458678
1	3821	579	4.623798997218
1	3848	583	4.776544991421
1	3861	585	2.765086769048
1	3902	589	1.917206448652
1	3912	591	2.436050835859
1	3948	597	0.363966236455
1	3976	601	2.748938988298
1	3992	603	3.200862404658
1	4026	607	0.354034987502
1	4043	609	0.112016221135
1	4090	618	0.277094153235
1	4134	624	0.508456723808
1	4157	628	4.090750697366
1	4184	632	0.631848538183
1	4197	634	1.919160351532
1	4225	638	3.004361228172
1	4237	640	3.304441544953
1	4258	644	3.39999923254
1	4276	646	1.779221924407
1	4301	650	5.596419116175
1	4320	652	6.312275792149
1	4346	656	7.943421633752
1	4356	658	5.784849190463
1	4377	662	1.262548456952
1	4392	664	1.72991260873
1	4420	668	4.948422292681
1	4432	670	4.046591967743
1	4457	674	1.819491514808
1	4485	678	1.642850040154
1	4504	680	1.870465757425
1	4531	684	5.400270277255
1	4540	686	5.953017828188
1	4567	690	8.075245302966
1	4577	692	8.843158690552
1	4604	696	6.008812786515
1	4619	698	4.95843574294
1	4640	702	7.502124780909
1	4652	704	7.030133085962
1	4677	708	9.466292309703
1	4696	710	6.174147154056
1	4716	714	7.591244351909
1	4732	716	7.833535600989
1	4762	720	10.393994484371
1	4777	722	8.012628492937
1	4798	726	9.437667230404
1	4816	728	10.18349685938
1	4848	732	14.042517120095
1	4860	734	15.182249011984
1	4884	738	16.725486896184
1	4899	740	15.913428040322
1	4934	744	17.316414803022
1	4948	746	18.176452181733
1	4982	750	21.864896934395
1	5001	752	22.938304220103
1	5028	756	17.976439895429
1	5041	758	18.03124521451
1	5062	762	21.181393005739
1	5077	764	22.974069012441
1	5108	768	26.027824360686
1	5118	770	25.002144761177
1	5143	774	25.660072941353
1	5158	776	26.445320359164
1	5193	780	30.001875317302
1	5217	782	31.506465736858
1	5241	786	34.706421997222
1	5253	788	33.984631772135
1	5271	792	37.799074022772
1	5283	794	35.023875873349
1	5311	798	35.101745364206
1	5323	800	36.518739294004
1	5350	804	36.738097299348
1	5365	806	33.917746723345
1	5392	810	32.648456251035
1	5401	812	34.47578753006
1	5419	816	37.240521155496
1	5431	818	38.402670027808
1	5453	822	41.587353533266
1	5475	824	43.196676344546
1	5499	828	47.097279778017
1	5508	830	44.230433644649
1	5529	834	48.174735498381
1	5541	836	49.617159152676
1	5562	840	47.524276973097
1	5571	842	44.877221525789
1	5599	846	44.297304686238
1	5608	848	45.094651515724
1	5637	852	48.698099451564
1	5648	854	49.583078685638
1	5679	858	50.388620570915
1	5688	860	50.371684296843
1	5714	864	41.822344861103
1	5727	866	42.343849927826
1	5756	870	44.762387250815
1	5768	872	41.624477872388
1	5787	876	41.557665860058
1	5799	878	40.097054604518
1	5821	882	36.553632631095
1	5833	884	32.580850770895
1	5854	888	36.537824699805
1	5863	890	34.401217472717
1	5893	894	30.138281992295
1	5905	896	32.058330523325
1	5938	900	33.060607284139
1	5953	902	23.164113856519
1	5989	906	23.259329802364
1	6003	908	22.100386538736
1	6026	912	21.97272566797
1	6038	914	23.948387740043
1	6062	918	26.855275620601
1	6072	920	26.971288232221
1	6090	924	28.212540325566
1	6099	926	29.827265212314
1	6114	928	29.041736955755
1	6124	930	30.473219192368
1	6139	932	31.210019463143
1	6151	934	32.920157504177
1	6174	937	33.133731607365
1	6189	939	33.623885596215
1	6226	943	34.497412669707
1	6239	945	17.447932002011
1	6266	949	18.843766639804
1	6275	951	20.268162526379
1	6291	953	19.597266489941
1	6303	955	19.166169195886
1	6335	959	22.658692245315
1	6351	961	22.502928814558
1	6370	965	25.919188113766
1	6385	967	26.333565328952
1	6418	971	29.480812260596
1	6428	973	31.151368025289
1	6452	977	29.547135829404
1	6467	979	31.46285628195
1	6504	983	35.393896780699
1	6520	985	32.81935467541
1	6551	989	34.639901361999
1	6566	991	35.686302284062
1	6591	995	34.822209351246
1	6606	997	30.132884819804
1	6636	1001	32.819989496982
1	6647	1003	32.737517569995
1	6677	1007	31.847407584617
1	6691	1009	32.450774949403
1	6720	1013	34.98853608903
1	6729	1015	36.379331585381
1	6756	1019	38.488371413086
1	6782	1021	38.712960173598
1	6818	1025	42.371160978797
1	6828	1027	42.660101135775
1	6852	1031	46.217393068537
1	6861	1033	46.393563713164
1	6891	1037	48.644283903859
1	6903	1039	48.739176981222
1	6937	1043	47.74583557736
1	6947	1045	47.602199473212
1	6978	1049	50.336812674906
1	6987	1051	48.064764281158
1	7019	1055	51.522740816668
1	7031	1057	49.079911603071
1	7061	1061	51.69138577134
1	7074	1063	53.04917936567
1	7101	1067	48.034702603405
1	7123	1069	48.41667516608
1	7160	1073	51.226063883996
1	7169	1075	52.366545755705
1	7196	1079	55.049736790342
1	7208	1081	47.986967182998
1	7229	1085	51.060171229429
1	7242	1087	49.01046538751
1	7268	1091	48.621193352714
1	7283	1093	50.336460088483
1	7310	1097	51.124033981922
1	7323	1099	52.599802093258
1	7345	1103	55.452025817867
1	7364	1105	51.22855525325
1	7385	1109	50.351165086137
1	7407	1111	51.305994123892
1	7428	1115	50.696474072687
1	7443	1117	51.895181004252
1	7478	1121	54.745448849756
1	7490	1123	55.91772945818
1	7514	1127	57.553384026498
1	7530	1129	59.246126727228
1	7551	1133	62.508191726999
1	7560	1135	64.003015633721
1	7587	1139	67.676670798461
1	7602	1141	64.967648680911
1	7623	1145	68.813386977146
1	7642	1147	70.386863847062
1	7660	1151	71.15048990716
1	7669	1153	61.902765264014
1	7697	1157	64.325959764656
1	7714	1159	63.270744843458
1	7736	1163	66.682027707685
1	7747	1165	61.322947622879
1	7778	1169	58.618809862894
1	7787	1171	60.454157260313
1	7811	1175	64.106664919903
1	7823	1177	60.389542281718
1	7841	1181	63.339571992409
1	7850	1183	64.219532331398
1	7884	1187	67.128074354745
1	7899	1189	67.537515746304
1	7923	1193	67.861043077121
1	7935	1195	64.497034661041
1	7968	1199	63.600923277252
1	7983	1201	63.030002470778
1	8007	1205	66.414691112757
1	8020	1207	67.934577909539
1	8044	1211	66.102512563167
1	8063	1213	56.211035678372
1	8093	1217	60.174875834103
1	8108	1219	61.641881538176
1	8129	1223	64.599942158926
1	8151	1225	66.004613000023
1	8185	1229	64.056935965467
1	8204	1231	64.069625949821
1	8238	1235	67.00761924115
1	8256	1237	65.697397565607
1	8284	1241	66.138907981656
1	8298	1243	66.342937687146
1	8324	1247	62.537913122386
1	8336	1249	64.178948005863
1	8360	1253	67.975716874408
1	8369	1255	67.775485951644
1	8387	1259	71.010044508861
1	8399	1261	70.375582595334
1	8423	1265	72.403602039286
1	8438	1267	72.854969755254
1	8459	1271	75.756673174908
1	8478	1273	77.657893471
1	8503	1277	79.871714037198
1	8518	1279	79.104104825508
1	8542	1283	82.794152086224
1	8555	1285	80.493329361162
1	8586	1289	83.863732877191
1	8595	1291	80.226720962012
1	8623	1295	83.60469594216
1	8635	1297	85.025448267994
1	8660	1301	85.392845578153
1	8673	1303	87.047288077251
1	8704	1307	90.899022512843
1	8715	1309	92.355977691953
1	8743	1313	94.766368066128
1	8758	1315	96.67389447488
1	8780	1319	99.142021721705
1	8795	1321	96.955159245284
1	8819	1325	100.86078450263
1	8828	1327	98.542915116503
1	8859	1331	102.11990342634
1	8871	1333	102.3782629356
1	8895	1337	106.18023902526
1	8904	1339	108.16476878655
1	8926	1343	110.68053412536
1	8937	1345	110.92885769499
1	8960	1349	114.08600339326
1	8969	1351	116.01334792289
1	8987	1355	118.95759756723
1	8996	1357	120.22130752333
1	9038	1361	121.96121270186
1	9054	1363	122.27775714479
1	9079	1367	106.23592666301
1	9089	1369	106.32038443402
1	9111	1373	106.27672376871
1	9120	1375	108.12662119016
1	9151	1379	106.14641368425
1	9167	1381	98.972780459982
1	9185	1385	96.455560593038
1	9197	1387	92.839678079005
1	9224	1391	86.761714998505
1	9240	1393	87.297246654996
1	9277	1397	88.081853882959
1	9289	1399	87.404921725104
1	9317	1403	90.525909375339
1	9335	1405	90.72208230952
1	9364	1409	92.014649518576
1	9373	1411	90.974310235179
1	9398	1415	94.691714608846
1	9419	1417	88.63959616175
1	9438	1421	87.702038892126
1	9453	1423	86.816769546308
1	9475	1427	82.024729264722
1	9489	1429	71.979635310892
1	9517	1433	73.904720656283
1	9526	1435	75.869030998313
1	9553	1439	78.245884357023
1	9566	1441	80.147576426011
1	9593	1445	83.475909179148
1	9603	1447	84.691210821729
1	9627	1451	75.36392572253
1	9640	1453	74.444810883981
1	9671	1457	77.386099546032
1	9688	1459	78.661111168456
1	9713	1463	76.573032397472
1	9735	1465	72.589238852471
1	9759	1469	75.85289680121
1	9768	1471	75.775969918704
1	9789	1475	79.499929063475
1	9798	1477	80.146635168613
1	9825	1481	83.015246823106
1	9837	1483	80.80897376715
1	9869	1487	82.630500726045
1	9881	1489	83.97578568532
1	9902	1493	86.346965886743
1	9914	1495	80.301555539196
1	9944	1499	83.665343119145
1	9960	1501	84.315088155973
1	9985	1505	83.54375494812
1	9997	1507	81.144402916049
1	10015	1511	82.570931901419
1	10024	1513	81.1570034523
1	10058	1517	84.190147979347
1	10077	1519	82.234780859728
1	10102	1523	69.544483693834
1	10114	1525	68.302067508223
1	10141	1529	65.156178787843
1	10157	1531	66.70502793286
1	10175	1535	67.124004321531
1	10184	1537	69.00706856382
1	10213	1541	68.2574139962
1	10226	1543	58.091287577994
1	10259	1547	60.634814953836
1	10271	1549	57.431062840852
1	10295	1553	56.911953453754
1	10309	1555	55.265244869054
1	10335	1559	59.110276602499
1	10347	1561	59.39686307948
1	10373	1565	59.167167151226
1	10385	1567	53.768634787923
1	10410	1571	57.114612975456
1	10425	1573	57.538940258956
1	10456	1577	61.162112672483
1	10474	1579	58.695843104097
1	10494	1583	60.261485040896
1	10513	1585	59.862713406031
1	10550	1589	60.023983038528
1	10560	1591	60.916287801089
1	10600	1595	64.616794186531
1	10615	1597	52.711637811138
1	10643	1601	55.373163991441
1	10655	1603	56.140991638393
1	10685	1607	57.085358867173
1	10694	1609	54.056298696248
1	10726	1613	56.239098861653
1	10735	1615	44.837259755061
1	10762	1619	46.685592994122
1	10778	1621	46.775234897787
1	10806	1625	50.068022738667
1	10818	1627	51.105118094518
1	10843	1631	52.067894716279
1	10852	1633	46.633675672009
1	10877	1637	50.48467642553
1	10886	1639	51.464828835247
1	10910	1643	51.947678938788
1	10919	1645	53.385146613129
1	10943	1649	56.565272702159
1	10958	1651	57.564498153424
1	10983	1655	61.416816288998
1	10992	1657	62.260473423905
1	11033	1661	64.091205448519
1	11043	1663	65.74359748309
1	11071	1667	69.69230937122
1	11080	1669	69.729047083261
1	11105	1673	70.250370186643
1	11117	1675	70.837934987616
1	11148	1679	74.100159586289
1	11161	1681	75.471885945713
1	11185	1685	74.30759770063
1	11194	1687	71.66049697302
1	11219	1691	70.912684050602
1	11231	1693	72.89644280313
1	11249	1697	75.350933605083
1	11267	1699	75.933155538359
1	11298	1703	77.710659149618
1	11307	1705	76.429524756887
1	11331	1709	69.661486072904
1	11346	1711	71.559392330527
1	11368	1715	68.956581147661
1	11383	1717	70.239648794595
1	11405	1721	70.753596861838
1	11414	1723	69.802686502347
1	11442	1727	67.527734745629
1	11458	1729	68.67190246135
1	11486	1733	69.17114142752
1	11504	1735	60.40840258255
1	11531	1739	63.836695685315
1	11540	1741	62.128381422475
1	11568	1745	62.959517478144
1	11584	1747	59.101765340333
1	11605	1751	58.812770246353
1	11616	1753	55.025771675793
1	11640	1757	58.166279453081
1	11658	1759	58.021642657398
1	11690	1763	61.056912364459
1	11703	1765	59.301543964639
1	11730	1769	61.22461855358
1	11749	1771	61.109922562961
1	11779	1775	64.362632047914
1	11794	1777	61.675619307989
1	11821	1781	64.902347431738
1	11830	1783	57.776816262976
1	11857	1787	55.494751659525
1	11873	1789	56.754294830481
1	11894	1793	60.534100408794
1	11906	1795	61.858920730522
1	11940	1799	64.70634727363
1	11955	1801	63.749074663429
1	11985	1805	59.07075548682
1	11997	1807	51.511885122626
1	12021	1811	52.025358044014
1	12030	1813	53.964068409209
1	12051	1817	57.018036092234
1	12063	1819	58.977591265134
1	12084	1823	60.524086089655
1	12093	1825	59.042348561756
1	12126	1829	62.564927631197
1	12138	1831	64.52542478533
1	12165	1835	65.874951791526
1	12181	1837	66.169633330356
1	12205	1841	67.371911332836
1	12218	1843	69.001014440947
1	12246	1847	68.626974112661
1	12259	1849	65.522951179935
1	12287	1853	66.099915251482
1	12302	1855	66.853695534211
1	12329	1859	66.328564473512
1	12344	1861	66.154584092866
1	12368	1865	67.811946561279
1	12380	1867	67.713070944376
1	12403	1871	71.492981469017
1	12423	1873	69.67636074282
1	12450	1877	72.255646715139
1	12459	1879	74.224427918295
1	12480	1883	76.825104110108
1	12489	1885	57.741231172405
1	12510	1889	61.349469598529
1	12519	1891	62.892559581676
1	12543	1895	64.672684503171
1	12558	1897	62.776220142405
1	12577	1901	64.771769644048
1	12589	1903	65.137662285919
1	12610	1907	64.802048860708
1	12619	1909	65.751430126457
1	12637	1913	68.049541044829
1	12652	1915	64.669426025316
1	12676	1919	63.279011826695
1	12689	1921	64.668117974833
1	12736	1925	65.946641750798
1	12754	1927	64.247623037065
1	12781	1931	65.607995785712
1	12793	1933	64.515310485668
1	12823	1937	65.477726683176
1	12838	1939	65.901271724255
1	12860	1943	68.875529860772
1	12872	1945	68.334475624065
1	12890	1949	67.207517085775
1	12908	1951	63.117763335556
1	12928	1955	61.685947894583
1	12939	1957	62.428562211134
1	12963	1961	64.567385471548
1	12976	1963	61.585821590948
1	13000	1967	63.624339496633
1	13009	1969	54.353416768133
1	13036	1973	57.630667161518
1	13054	1975	52.754354180413
1	13074	1979	56.441758834452
1	13089	1981	58.240629415747
1	13124	1985	61.482960151847
1	13137	1987	60.086182841673
1	13160	1991	59.544698198893
1	13176	1993	58.137372040177
1	13216	1997	61.388613486613
1	13225	1999	63.187142393463
1	13246	2003	66.50810239911
1	13260	2005	67.029309764668
1	13289	2009	67.254269610565
1	13302	2011	67.684186953321
1	13323	2015	65.045945482312
1	13338	2017	66.722323743804
1	13365	2021	60.725043129934
1	13374	2023	56.244812522457
1	13398	2027	57.373353096038
1	13410	2029	57.947357869399
1	13453	2033	60.987692589279
1	13466	2035	54.298815845581
1	13490	2039	54.125437373915
1	13508	2041	50.332822575736
1	13543	2045	52.41308406884
1	13555	2047	53.803791445354
1	13583	2051	57.440947318373
1	13592	2053	58.692855124441
1	13616	2057	62.330946981773
1	13629	2059	62.433524346719
1	13659	2063	62.617221519973
1	13674	2065	60.771728980797
1	13703	2069	64.033066251297
1	13718	2071	62.112346692936
1	13748	2075	56.269335597641
1	13767	2077	58.026587863677
1	13795	2081	61.277862729524
1	13807	2083	59.311383924546
1	13838	2087	61.41281957742
1	13848	2089	59.735015965329
1	13866	2093	62.1256774057
1	13878	2095	63.332407806728
1	13908	2099	66.651502075014
1	13921	2101	66.796269078326
1	13945	2105	67.734640691775
1	13957	2107	63.618269563366
1	13981	2111	66.992298737054
1	13990	2113	68.556602388419
1	14021	2117	67.89855397603
1	14033	2119	68.665892954821
1	14056	2123	66.308023295565
1	14068	2125	65.957916056273
1	14089	2129	67.677201868242
1	14102	2131	68.974781632274
1	14126	2135	71.178718927011
1	14145	2137	71.85925928299
1	14195	2141	73.878619118668
1	14220	2143	73.555434315222
1	14252	2147	77.372986352636
1	14262	2149	76.207332218237
1	14283	2153	78.425556013564
1	14298	2155	79.727806012963
1	14322	2159	83.145777316086
1	14341	2161	84.611261571141
1	14367	2165	84.134685569569
1	14379	2167	85.954188796358
1	14416	2171	87.322727319734
1	14430	2173	76.11782607354
1	14464	2177	79.94007755976
1	14477	2179	81.932827748492
1	14498	2183	82.768236251925
1	14507	2185	83.339593254847
1	14528	2189	85.660695581501
1	14543	2191	83.204353083307
1	14572	2195	84.478627620937
1	14584	2197	76.275009526052
1	14602	2201	71.439332350791
1	14617	2203	70.636412992029
1	14641	2207	68.615266664636
1	14656	2209	69.453102926569
1	14683	2213	73.400735548728
1	14701	2215	74.768478704945
1	14735	2219	78.689280717279
1	14754	2221	80.27864746498
1	14792	2225	83.833563588285
1	14801	2227	84.322314880121
1	14825	2231	87.26103064339
1	14843	2233	88.920927356443
1	14870	2237	91.952333038462
1	14885	2239	89.999373400786
1	14905	2243	89.043448594173
1	14918	2245	83.024943744436
1	14937	2249	83.684318875796
1	14955	2251	83.529744778856
1	14981	2255	87.389128695733
1	14992	2257	88.951053432679
1	15011	2261	90.950211562424
1	15026	2263	91.663578806468
1	15052	2267	94.000939409904
1	15064	2269	94.9520074097
1	15094	2273	98.775727726005
1	15103	2275	98.189116762708
1	15121	2279	99.198018771226
1	15136	2281	93.942369345185
1	15167	2285	92.557266015946
1	15189	2287	93.33399287534
1	15213	2291	88.789206781524
1	15222	2293	87.137490657203
1	15249	2297	89.544318120708
1	15264	2299	88.710945628844
1	15288	2303	90.968258747482
1	15300	2305	91.986996948345
1	15321	2309	95.154289919189
1	15331	2311	97.138284318408
1	15355	2315	99.795551685595
1	15367	2317	99.043569451563
1	15391	2321	102.42809389218
1	15407	2323	100.92623298878
1	15426	2327	103.96927996635
1	15435	2329	105.88121766214
1	15460	2333	109.59359446465
1	15469	2335	110.3770602197
1	15492	2339	110.31048383479
1	15515	2341	112.28727689567
1	15542	2345	112.13474463158
1	15553	2347	112.65316527453
1	15577	2351	115.53446746938
1	15592	2353	117.02523900314
1	15624	2357	118.44082655092
1	15639	2359	116.06814320711
1	15668	2363	112.43848319319
1	15683	2365	110.18726674055
1	15711	2369	112.04375596894
1	15720	2371	109.85874178974
1	15738	2375	109.07435093473
1	15757	2377	109.18308990017
1	15786	2381	111.85124851221
1	15805	2383	110.76974937051
1	15840	2387	107.0849714321
1	15850	2389	108.88424287734
1	15879	2393	110.09372841485
1	15891	2395	112.08542253921
1	15921	2399	115.49382553802
1	15931	2401	115.78622443408
1	15952	2405	119.29988057472
1	15968	2407	116.64922748965
1	15992	2411	116.96871909291
1	16004	2413	115.55537022128
1	16022	2417	119.44045622284
1	16034	2419	119.09760726079
1	16074	2423	120.35085536381
1	16086	2425	113.40936084373
1	16115	2429	116.34202384113
1	16127	2431	115.23384949842
1	16148	2435	116.39708823016
1	16161	2437	104.85456538037
1	16188	2441	102.09824859419
1	16203	2443	102.52117284534
1	16228	2447	106.4129016612
1	16241	2449	107.05759482618
1	16262	2453	103.51514547493
1	16274	2455	103.42565366985
1	16305	2459	103.80478091527
1	16323	2461	103.69283133757
1	16364	2465	100.76967405679
1	16377	2467	100.62255802282
1	16406	2471	104.12898263
1	16418	2473	104.53639190306
1	16455	2477	100.74937248817
1	16474	2479	101.90539300349
1	16515	2483	96.763371321446
1	16525	2485	95.369633795312
1	16547	2489	97.671022821369
1	16562	2491	94.226545301734
1	16589	2495	97.476392008678
1	16608	2497	98.513428664244
1	16629	2501	94.598941160691
1	16644	2503	96.582857210674
1	16669	2507	97.599378391619
1	16688	2509	88.164182419694
1	16720	2513	92.013794894374
1	16736	2515	93.768907892269
1	16763	2519	97.723929825578
1	16772	2521	95.513407853136
1	16810	2525	92.424975461588
1	16819	2527	89.986976694188
1	16844	2531	92.98596779827
1	16859	2533	91.363752769593
1	16884	2537	92.761155632553
1	16893	2539	88.391835734775
1	16921	2543	89.59060267
1	16937	2545	88.936975535955
1	16968	2549	92.467584964938
1	16977	2551	88.635726606471
1	16998	2555	92.317023719754
1	17013	2557	94.126484263604
1	17038	2561	96.913542646093
1	17047	2563	98.884172363055
1	17078	2567	99.788882027898
1	17087	2569	99.243434702422
1	17114	2573	98.752649292881
1	17123	2575	99.584447713881
1	17147	2579	102.64669185888
1	17169	2581	102.73985718786
1	17198	2585	105.33877495163
1	17210	2587	107.32218698979
1	17234	2591	110.7844498391
1	17246	2593	111.86671323653
1	17270	2597	111.25317428942
1	17292	2599	106.14086060635
1	17322	2603	107.50911162665
1	17335	2605	108.77161689774
1	17360	2609	110.55681926661
1	17369	2611	106.96236424704
1	17390	2615	104.99299228309
1	17408	2617	106.49230417772
1	17431	2621	110.18865492182
1	17450	2623	108.93644479588
1	17481	2627	111.82051762385
1	17497	2629	113.62368429551
1	17529	2633	114.37484933353
1	17544	2635	113.4037407669
1	17562	2639	116.71442458587
1	17577	2641	118.03399625272
1	17601	2645	112.95285663813
1	17616	2647	113.83325267713
1	17643	2651	109.90371204005
1	17652	2653	108.6164998762
1	17683	2657	111.34491429311
1	17696	2659	110.69331515988
1	17717	2663	111.33333649782
1	17726	2665	100.9847894319
1	17753	2669	99.041385058299
1	17762	2671	99.872548479174
1	17780	2675	95.867248478168
1	17795	2677	97.047595320022
1	17829	2681	98.692232576402
1	17842	2683	99.050843402907
1	17874	2687	101.21878759861
1	17887	2689	101.2240760691
1	17915	2693	103.07118772798
1	17924	2695	102.58144823163
1	17945	2699	105.90744014772
1	17954	2701	106.12403892896
1	17985	2705	106.40650192394
1	18000	2707	108.23561677086
1	18025	2711	111.44688830073
1	18034	2713	112.48044833332
1	18070	2717	115.66520594804
1	18086	2719	117.13400511213
1	18110	2723	115.03972907379
1	18119	2725	111.2574320571
1	18147	2729	112.58804124318
1	18160	2731	109.28623131873
1	18191	2735	111.18356108275
1	18200	2737	111.81408134356
1	18229	2741	112.40888584056
1	18245	2743	111.75598480899
1	18274	2747	115.33467099729
1	18286	2749	109.43978560658
1	18306	2753	112.17728418718
1	18319	2755	112.12307371
1	18351	2759	112.96742399046
1	18363	2761	112.95070394622
1	18390	2765	116.13784966776
1	18402	2767	117.28748331511
1	18423	2771	114.36490073491
1	18435	2773	114.61207394233
1	18446	2775	109.524034075
1	18462	2777	110.62364783966
1	18473	2779	112.60857718616
1	18486	2781	102.55152548595
1	18503	2784	103.19063110414
1	18519	2786	101.0686572887
1	18540	2790	99.244662801627
1	18552	2792	89.82623364114
1	18570	2794	89.58691527101
1	18594	2797	90.056164543927
1	18606	2799	91.352678219785
1	18630	2803	92.784647317026
1	18643	2805	91.050259170947
1	18675	2809	94.886595743694
1	18685	2811	95.624865913363
1	18714	2815	99.257549320623
1	18729	2817	101.04239210718
1	18759	2821	103.7416519527
1	18768	2823	94.73140774183
1	18796	2827	94.695317941143
1	18808	2829	95.956217707416
1	18829	2833	98.877951351956
1	18846	2835	100.27145584871
1	18863	2837	93.996163744287
1	18876	2839	93.065228025944
1	18885	2841	93.07043115577
1	18897	2843	90.055165750537
1	18914	2845	91.22147971594
1	18928	2847	90.469067667924
1	18952	2851	92.875674484948
1	18967	2853	93.954642846508
1	18991	2857	92.834298729188
1	19000	2859	92.378513601971
1	19021	2863	92.408568450945
1	19036	2865	93.455708194456
1	19070	2869	94.03808459849
1	19083	2871	94.465850478225
1	19102	2875	98.150693936079
1	19111	2877	98.056954488885
1	19127	2879	99.397537837753
1	19156	2883	98.54423570605
1	19169	2885	94.265044544401
1	19196	2889	96.651820750697
1	19209	2891	98.58650373005
1	19230	2895	102.41589925112
1	19246	2897	95.516158061297
1	19279	2901	93.31212312485
1	19289	2903	90.645130971634
1	19316	2907	91.511847069778
1	19337	2909	91.774032882208
1	19350	2911	90.165512079916
1	19362	2913	89.76025479804
1	19381	2915	90.681670269003
1	19405	2919	90.365889635355
1	19417	2921	91.458272965093
1	19427	2923	89.618433676208
1	19436	2925	90.070762300478
1	19445	2927	91.642740261987
1	19482	2931	93.975261981173
1	19492	2933	91.510734017065
1	19504	2935	90.49325951699
1	19519	2937	92.095543849095
1	19528	2939	92.259568818159
1	19537	2941	91.891517596145
1	19546	2943	91.43488172013
1	19555	2945	90.65113727503
1	19570	2947	87.628205892963
1	19583	2949	85.157093373295
1	19607	2952	86.684276480451
1	19622	2954	87.281907677072
1	19643	2958	70.828018352336
1	19655	2960	71.246550165629
1	19685	2964	68.416156670345
1	19698	2966	68.924589524711
1	19716	2970	72.170927428648
1	19728	2972	71.717826549733
1	19749	2976	75.008529379519
1	19765	2978	74.319553174041
1	19789	2982	76.949710100305
1	19799	2984	76.63387150234
1	19827	2988	80.615109749878
1	19840	2990	81.764974695441
1	19864	2994	84.331931489315
1	19879	2996	82.277717594753
1	19891	2998	83.82711056957
1	19924	3001	86.396957261249
1	19940	3003	86.424984915232
1	19969	3007	78.63518841927
1	19991	3009	78.452629592149
1	20020	3013	82.196233013881
1	20033	3015	80.929397364362
1	20058	3019	83.96112104322
1	20070	3021	84.185249895652
1	20095	3025	78.82794220531
1	20110	3027	79.509599732296
1	20134	3031	78.916476889233
1	20143	3033	78.740546810985
1	20173	3037	77.375346869696
1	20186	3039	75.033796261119
1	20224	3043	78.154221505818
1	20240	3045	72.431368870954
1	20263	3049	71.516741610639
1	20280	3051	64.595011487349
1	20305	3055	62.639596780274
1	20320	3057	64.187456872198
1	20345	3061	66.743922705662
1	20366	3063	67.215860232259
1	20395	3067	69.539346777864
1	20404	3069	68.322151637033
1	20429	3073	68.365750344838
1	20445	3075	62.966603662615
1	20468	3079	66.355491838881
1	20478	3081	65.046422859333
1	20504	3085	67.035579031239
1	20522	3087	63.643691303061
1	20540	3091	67.583003249313
1	20549	3093	66.846452654952
1	20570	3097	67.352319469418
1	20582	3099	64.617286474871
1	20607	3103	68.347456467242
1	20619	3105	65.22626644516
1	20657	3109	68.487417403696
1	20669	3111	70.300571802998
1	20690	3113	70.818504632452
1	20711	3117	74.619302934367
1	20723	3119	76.022190453372
1	20735	3121	76.506048191863
1	20744	3123	73.849309126173
1	20753	3125	73.815082160209
1	20762	3127	72.154480346986
1	20774	3129	73.957132728161
1	20786	3131	75.830096937026
1	20801	3133	72.18677109302
1	20834	3137	75.899239590457
1	20849	3139	76.635042760675
1	20878	3143	71.437004326043
1	20891	3145	71.823181155992
1	20922	3149	70.00977873864
1	20940	3151	65.886163830713
1	20973	3155	69.023295701963
1	20989	3157	61.985359728389
1	21019	3161	62.534646582586
1	21042	3163	57.868806504413
1	21068	3167	60.668466767012
1	21081	3169	62.282019132911
1	21103	3173	65.841876505758
1	21112	3175	67.450888080247
1	21145	3179	69.254176512863
1	21165	3181	69.625097764722
1	21188	3185	73.506445612495
1	21198	3187	75.201963577167
1	21231	3191	79.053226847039
1	21240	3193	74.848199414432
1	21274	3197	77.112403445414
1	21299	3199	71.487686729145
1	21324	3203	73.923500889165
1	21333	3205	73.898215437018
1	21357	3209	77.338869410695
1	21366	3211	77.85761793815
1	21399	3215	81.577614990623
1	21408	3217	81.72782968304
1	21439	3221	84.910890242807
1	21455	3223	74.613157315115
1	21473	3227	78.196470526081
1	21488	3229	78.054796708378
1	21521	3233	78.680862158577
1	21533	3235	78.811496938388
1	21555	3239	80.271514502062
1	21570	3241	75.166877610533
1	21596	3245	75.962737566184
1	21612	3247	67.548726869156
1	21643	3251	71.388925979874
1	21652	3253	72.603748365203
1	21676	3257	69.069135194408
1	21685	3259	70.491866229391
1	21706	3263	74.149668038047
1	21715	3265	74.587117621114
1	21742	3269	73.168242998231
1	21758	3271	73.648113024178
1	21776	3275	74.873164314319
1	21785	3277	70.553150633072
1	21812	3281	72.936828318668
1	21821	3283	68.791779644658
1	21849	3287	68.79906591021
1	21867	3289	70.628780217538
1	21892	3293	72.671695432397
1	21904	3295	73.437680712625
1	21935	3299	70.381322349332
1	21944	3301	71.689505406179
1	21970	3305	73.742173909592
1	21984	3307	74.644636422143
1	22011	3311	73.678425491596
1	22020	3313	67.811792709628
1	22044	3317	63.586131582312
1	22059	3319	64.875156488974
1	22080	3323	62.202863170835
1	22092	3325	59.741131440392
1	22121	3329	62.434240535439
1	22133	3331	64.171117305411
1	22154	3335	65.176086785128
1	22166	3337	59.935112657388
1	22188	3341	62.827538244937
1	22200	3343	63.088417631392
1	22221	3347	62.627114707514
1	22236	3349	63.596090578791
1	22260	3353	61.264387607188
1	22273	3355	62.880126498767
1	22304	3359	64.321253325313
1	22317	3361	65.689072371056
1	22351	3365	69.055230717719
1	22365	3367	68.759775473316
1	22396	3371	68.281108638213
1	22412	3373	70.177862479336
1	22443	3377	71.902047304434
1	22455	3379	68.867985822354
1	22476	3383	72.115832646412
1	22485	3385	69.292177239943
1	22509	3389	71.186743209708
1	22518	3391	71.328943855085
1	22543	3395	71.221631221616
1	22558	3397	71.366925080385
1	22585	3401	71.445527836883
1	22596	3403	66.800243818627
1	22618	3407	61.622119210703
1	22630	3409	54.203668115139
1	22648	3413	54.743414384568
1	22661	3415	53.437822537226
1	22685	3419	54.614435679975
1	22701	3421	54.74695402316
1	22728	3425	54.465616210445
1	22739	3427	53.193577992246
1	22759	3431	56.035965436928
1	22779	3433	57.809066970384
1	22811	3437	59.60721770309
1	22821	3439	56.781654716174
1	22848	3443	57.867156889649
1	22862	3445	48.411653949973
1	22886	3449	51.064566877465
1	22897	3451	52.597477643667
1	22931	3455	47.673752853355
1	22943	3457	39.258534168395
1	22967	3461	41.325511967468
1	22983	3463	38.07472245402
1	23005	3467	42.06232185896
1	23024	3469	36.919005078371
1	23065	3473	37.728409487698
1	23080	3475	39.327791385343
1	23108	3479	37.224655628878
1	23126	3481	37.444174914131
1	23157	3485	39.822842316999
1	23173	3487	38.275361545046
1	23191	3491	38.705924539057
1	23200	3493	39.998785358963
1	23227	3497	41.609416184904
1	23236	3499	40.620785574738
1	23257	3503	40.584360275244
1	23275	3505	37.343298513282
1	23301	3509	40.69480466959
1	23314	3511	41.677473690348
1	23339	3515	45.493286940081
1	23354	3517	46.586258837851
1	23375	3521	49.550116695967
1	23392	3523	50.935764955298
1	23427	3527	51.314631652904
1	23439	3529	53.165327163076
1	23467	3533	54.454873925988
1	23479	3535	55.514711376804
1	23506	3539	58.47292013407
1	23522	3541	56.424356588993
1	23550	3545	58.26358355351
1	23560	3547	50.93783383698
1	23587	3551	50.272842743034
1	23599	3553	46.41780161237
1	23624	3557	50.044408309003
1	23636	3559	45.171329044442
1	23660	3563	48.153869204081
1	23669	3565	49.701815772144
1	23693	3569	53.394144537913
1	23706	3571	52.371035501005
1	23731	3575	53.9622824872
1	23745	3577	53.332916345521
1	23771	3581	51.974755008098
1	23780	3583	50.977874845383
1	23804	3587	52.269851245497
1	23817	3589	52.569524144459
1	23841	3593	54.436724543771
1	23856	3595	56.357321783341
1	23882	3599	57.407220512298
1	23894	3601	58.354265428544
1	23921	3605	57.649830641208
1	23931	3607	59.031667774024
1	23949	3611	55.860989805514
1	23965	3613	54.899651173649
1	23988	3617	57.062393770051
1	24001	3619	53.636259008966
1	24029	3623	50.893397388514
1	24046	3625	51.622988203235
1	24068	3629	53.658862007452
1	24077	3631	51.249903682832
1	24111	3635	44.085573371244
1	24126	3637	43.337357105126
1	24164	3641	47.161913267132
1	24176	3643	41.799041721671
1	24197	3647	42.005559366519
1	24212	3649	32.014492724738
1	24231	3653	35.907393853228
1	24243	3655	31.197126172642
1	24270	3659	35.196762741872
1	24285	3661	34.329574605553
1	24313	3665	33.469306200371
1	24325	3667	35.397543761407
1	24350	3671	37.370284299931
1	24371	3673	36.301143701325
1	24398	3677	40.183217558255
1	24414	3679	41.253611664128
1	24437	3683	42.196429040109
1	24456	3685	42.356607852681
1	24488	3689	45.67672477248
1	24501	3691	42.123987834925
1	24522	3695	40.296455051108
1	24537	3697	41.206853958368
1	24562	3701	43.078675405457
1	24577	3703	41.945876200695
1	24597	3707	45.37144569319
1	24606	3709	38.457169087292
1	24624	3713	41.814176460215
1	24636	3715	43.561866237874
1	24657	3719	45.533156262123
1	24672	3721	39.391204113088
1	24684	3723	39.64521244574
1	24708	3727	39.456819955155
1	24720	3729	38.216470707503
1	24744	3733	41.870814002799
1	24756	3735	38.839101778371
1	24784	3739	42.553135152995
1	24799	3741	26.748894746664
1	24828	3745	26.302873033747
1	24847	3747	27.545305050528
1	24879	3751	30.106187664707
1	24896	3753	30.671325798085
1	24927	3757	19.397623951948
1	24948	3759	16.385049967186
1	24981	3763	19.721229431166
1	24996	3765	19.764115501259
1	25026	3769	23.0205334994
1	25036	3771	24.121639935407
1	25060	3775	27.327403087688
1	25075	3777	27.466010690537
1	25099	3781	26.074681755353
1	25118	3783	27.589070203181
1	25140	3787	28.992822339808
1	25149	3789	28.721821636999
1	25170	3793	28.999375720347
1	25179	3795	30.015571889727
1	25203	3799	32.669577175043
1	25221	3801	34.485489502671
1	25243	3805	36.011993258848
1	25252	3807	35.843997323603
1	25284	3811	34.846797016204
1	25297	3813	36.790118615732
1	25315	3817	39.112598685587
1	25330	3819	38.541165277301
1	25349	3823	40.970595019284
1	25358	3825	42.615465832688
1	25395	3829	37.310835762203
1	25410	3831	34.448782955104
1	25431	3835	35.709849904853
1	25440	3837	36.571165235795
1	25464	3841	32.260560097468
1	25480	3843	31.017599745319
1	25501	3847	20.653774935477
1	25510	3849	22.633138009407
1	25531	3853	24.778228702028
1	25540	3855	25.483767051558
1	25549	3857	23.553712104814
1	25558	3859	21.857981733967
1	25579	3862	23.966057046473
1	25588	3864	22.69884178448
1	25597	3866	22.851655514292
1	25606	3868	18.403381175848
1	25633	3873	0.141617555013
1	25661	3877	1.698428445166
1	25679	3879	3.47235376517
1	25689	3881	3.999657296073
1	25702	3883	5.202141522766
1	25717	3885	1.89288557476
1	25726	3887	3.674503035448
1	25753	3891	1.580483081775
1	25765	3893	2.962330272633
1	25780	3895	3.205183619236
1	25792	3897	3.391161640355
1	25813	3900	5.778126830807
1	25822	3902	6.602550767177
1	25844	3904	1.135198621993
1	25856	3906	2.332050795764
1	25880	3909	5.129019330306
1	25893	3911	3.844052619128
1	25933	3915	6.292433000683
1	25947	3917	4.445389625039
1	25979	3921	8.315849140574
1	25992	3923	9.448385893617
1	26021	3927	8.45907012686
1	26037	3929	9.555906201121
1	26063	3933	6.674341992926
1	26075	3935	6.26010272524
1	26099	3939	7.943248172617
1	26111	3941	6.936403442974
1	26138	3945	8.982956310525
1	26147	3947	10.458914189206
1	26159	3949	9.720132505053
1	26178	3951	8.825107397766
1	26188	3953	10.674621580392
1	26211	3956	8.791007783235
1	26224	3958	8.555306931094
1	26242	3962	4.122763555514
1	26284	3969	0.513940134925
1	26309	3974	0.888390894558
1	26333	3978	2.797288225285
1	26351	3980	4.516518444782
1	26369	3984	5.087186323972
1	26378	3986	6.271669325411
1	26405	3990	2.032866468032
1	26437	3995	0.242798061514
1	26449	3997	0.496887336366
2	49	6	6
2	86	12	0.842374727552
2	110	16	1.53608380753
2	157	22	1.307128003547
2	236	35	0.965981471329
2	272	41	2.449936791452
2	373	55	0.860412276358
2	398	59	3.953027154368
2	442	68	0.711141606717
2	470	72	0.860886570648
2	490	76	1.147309812888
2	525	81	1.737523285749
2	558	87	0.921889635488
2	604	93	1.687962465235
2	645	99	3.2609987147
2	685	105	5.410830502513
2	742	111	3.399089394769
2	784	117	3.630803760374
2	876	131	0.363313632708
2	915	138	0.769838827402
2	963	144	0.106254153279
2	1005	150	0.489884794651
2	1049	156	6.254785856173
2	1086	162	8.790839991334
2	1150	173	0.633160139012
2	1189	179	4.880676939409
2	1234	185	7.670288876909
2	1279	191	9.807602867294
2	1313	197	15.105870408539
2	1352	203	14.366860599339
2	1393	209	19.053577020295
2	1429	215	22.293493273853
2	1459	221	21.775876988583
2	1492	227	16.856963472877
2	1542	233	10.225035668124
2	1585	239	15.881074109581
2	1624	245	16.310203128173
2	1663	251	14.244731495259
2	1699	257	18.137674958971
2	1739	263	23.379343140419
2	1781	269	22.378101981127
2	1821	275	27.980317572234
2	1855	281	32.513944883743
2	1892	287	31.438807721352
2	1943	293	32.42222252953
2	1992	299	34.154734906227
2	2035	305	39.562833055717
2	2075	311	30.321006007965
2	2111	317	35.4730217266
2	2146	323	35.222337801523
2	2184	329	39.377231458949
2	2221	335	42.33403071941
2	2252	341	48.212155966636
2	2294	347	53.130642454727
2	2330	353	48.536196020249
2	2370	359	51.128771099367
2	2406	365	48.662624643601
2	2442	371	49.567299774214
2	2480	377	54.052779816867
2	2522	383	46.723738426022
2	2567	389	45.510307022543
2	2607	395	41.424773795267
2	2654	401	45.700310938847
2	2702	407	46.477095980888
2	2749	413	45.40079837902
2	2795	419	43.649342766216
2	2831	425	30.896532620267
2	2864	431	33.994718500731
2	2898	437	27.350032871029
2	2941	443	33.144812360881
2	2983	449	18.309599485186
2	3016	455	22.500204005846
2	3056	461	23.879742848568
2	3094	467	26.315301858625
2	3132	473	31.681625996852
2	3162	479	22.565933216352
2	3202	485	16.410480313732
2	3254	491	11.106906994216
2	3294	497	13.926889725396
2	3329	503	19.022143664233
2	3365	509	21.884923483703
2	3403	515	25.081288085243
2	3442	521	27.812145316375
2	3492	527	33.500670003277
2	3543	533	27.424033586042
2	3573	539	31.850057731045
2	3606	545	37.779358339535
2	3655	551	35.092593847604
2	3698	557	32.774845735477
2	3731	563	38.439625418146
2	3764	569	41.95575188211
2	3800	575	38.485275549474
2	3833	581	38.862443243134
2	3880	587	39.414659079187
2	3923	593	45.220518251315
2	3961	599	50.140774202004
2	4011	605	55.830676767231
2	4053	611	56.665134947147
2	4071	615	59.035126525093
2	4107	620	47.707036989615
2	4148	626	45.368974606962
2	4166	630	47.125655631543
2	4212	636	50.078464895423
2	4249	642	54.568873216746
2	4285	648	43.234419665353
2	4336	654	45.219737323214
2	4365	660	44.068588701285
2	4403	666	47.222090959287
2	4444	672	52.034284547283
2	4472	676	55.884354427406
2	4518	682	50.314193606127
2	4549	688	49.532060330663
2	4592	694	27.694145172421
2	4631	700	31.338707003296
2	4661	706	26.669846982292
2	4705	712	23.071530331252
2	4749	718	25.417262654999
2	4786	724	27.454244176504
2	4838	730	15.787362511964
2	4872	736	21.631376040805
2	4920	742	20.171271373113
2	4959	748	19.936037553624
2	5013	754	20.633323617427
2	5053	760	25.883128077886
2	5089	766	25.142365080598
2	5131	772	23.571489039674
2	5174	778	28.196023088432
2	5226	784	33.114377290962
2	5262	790	36.477644948005
2	5295	796	25.553829257515
2	5335	802	23.660071707734
2	5377	808	27.631143418667
2	5410	814	32.997020374039
2	5440	820	23.081669280916
2	5487	826	27.096209993859
2	5520	832	27.798926724116
2	5552	838	29.810080226807
2	5584	844	26.516010151877
2	5620	850	26.920339020264
2	5664	856	29.276663288547
2	5697	862	17.383459235711
2	5743	868	19.388404315889
2	5778	874	17.991121537704
2	5812	880	22.694544238139
2	5845	886	22.922472678599
2	5881	892	20.017017782699
2	5923	898	1.969319853453
2	5971	904	7.085969629575
2	6016	910	2.726169351122
2	6050	916	3.673351534098
2	6081	922	7.147391745804
2	6159	935	0.707613944399
2	6207	941	3.647668941303
2	6248	947	6.509863019368
2	6321	957	0.870432205443
2	6361	963	6.373258567932
2	6400	969	10.642182305843
2	6437	975	16.078935022147
2	6481	981	15.29066241652
2	6535	987	19.601518281694
2	6579	993	22.32757199309
2	6624	999	16.507226599535
2	6667	1005	18.624178375276
2	6710	1011	20.943543837723
2	6738	1017	23.443001211511
2	6800	1023	27.442581181258
2	6843	1029	30.575073256191
2	6876	1035	35.375940028667
2	6918	1041	32.053467016474
2	6962	1047	29.004175626712
2	7003	1053	33.825404311331
2	7043	1059	39.390889650644
2	7086	1065	45.332477194601
2	7146	1071	49.420974107327
2	7187	1077	52.640633942087
2	7217	1083	54.945118239382
2	7257	1089	60.671289942409
2	7292	1095	59.135929036367
2	7335	1101	64.655455900703
2	7376	1107	66.851863141754
2	7416	1113	59.993264939175
2	7465	1119	62.616313728272
2	7502	1125	64.336008031467
2	7542	1131	69.404294518437
2	7572	1137	69.1145598887
2	7611	1143	74.160487787903
2	7651	1149	61.363510850624
2	7678	1155	57.695518855901
2	7724	1161	56.667936686219
2	7759	1167	60.285450986096
2	7799	1173	58.727603962354
2	7832	1179	63.080822830332
2	7868	1185	60.341461560878
2	7911	1191	62.141307744185
2	7956	1197	56.441446273105
2	7992	1203	57.296835657422
2	8032	1209	62.267603893185
2	8072	1215	53.896525156848
2	8120	1221	53.872218113578
2	8164	1227	59.483623956839
2	8216	1233	48.919997222739
2	8269	1239	43.575622296151
2	8309	1245	48.346508693272
2	8348	1251	43.146665872188
2	8378	1257	31.711148250254
2	8414	1263	34.351098010269
2	8447	1269	35.631743458919
2	8493	1275	32.785210110217
2	8530	1281	35.97168214658
2	8570	1287	41.691272736167
2	8607	1293	44.535087961606
2	8648	1299	48.3081176368
2	8691	1305	53.240857089662
2	8725	1311	48.555249040313
2	8770	1317	44.684148477867
2	8804	1323	50.278943536604
2	8843	1329	54.028571877891
2	8883	1335	57.98714856021
2	8916	1341	63.548838617282
2	8947	1347	67.891007459717
2	8978	1353	66.98703190214
2	9014	1359	71.29235163039
2	9065	1365	70.715196264334
2	9102	1371	73.404383534505
2	9138	1377	74.550505363708
2	9176	1383	78.520428651516
2	9209	1389	76.478772879638
2	9258	1395	71.894248526506
2	9298	1401	76.305554886475
2	9351	1407	78.728523538094
2	9386	1413	82.157477913015
2	9429	1419	86.373236745568
2	9463	1425	66.975141967576
2	9502	1431	72.20091094847
2	9541	1437	49.222589460654
2	9578	1443	53.314262189509
2	9612	1449	58.459244515606
2	9656	1455	61.60014958977
2	9704	1461	59.311395110681
2	9744	1467	63.203467421428
2	9780	1473	56.176112133303
2	9810	1479	50.058605113987
2	9852	1485	55.909036539621
2	9890	1491	54.693692471367
2	9929	1497	59.84533379497
2	9976	1503	58.461020688784
2	10006	1509	64.019982424271
2	10042	1515	64.343371976746
2	10090	1521	63.65662258645
2	10130	1527	66.804584568601
2	10166	1533	72.172207789129
2	10197	1539	75.276756498165
2	10244	1545	67.731895753627
2	10283	1551	71.803853936413
2	10326	1557	76.839473693008
2	10360	1563	77.457155608374
2	10397	1569	80.324487781908
2	10439	1575	81.505667150381
2	10485	1581	85.603802871067
2	10531	1587	89.69075658059
2	10582	1593	74.636375274567
2	10631	1599	74.741205218233
2	10673	1605	65.266526433517
2	10713	1611	67.72151511109
2	10747	1617	73.058419851478
2	10794	1623	74.748224840211
2	10834	1629	77.813574376491
2	10865	1635	79.282303469928
2	10901	1641	77.844114986229
2	10934	1647	81.335565032567
2	10969	1653	81.221845946109
2	11011	1659	74.538405058229
2	11057	1665	80.490912979192
2	11096	1671	82.791354448053
2	11132	1677	73.476495486768
2	11173	1683	72.432074666002
2	11209	1689	71.302099704277
2	11240	1695	59.462849667388
2	11281	1701	50.686984050953
2	11319	1707	49.754135678473
2	11355	1713	55.576944811489
2	11395	1719	52.189005507304
2	11426	1725	55.290687361724
2	11468	1731	51.430567950489
2	11516	1737	52.782885532352
2	11554	1743	45.686602196639
2	11594	1749	49.298911828746
2	11625	1755	31.650159720988
2	11678	1761	27.022039805067
2	11721	1767	30.738974113695
2	11764	1773	35.04053949861
2	11806	1779	36.076583956989
2	11846	1785	27.867167638974
2	11882	1791	19.559475579589
2	11918	1797	25.316946113669
2	11967	1803	27.900329430445
2	12012	1809	33.5221887649
2	12039	1815	35.659839929787
2	12075	1821	40.437127636535
2	12105	1827	38.357363905317
2	12147	1833	36.821390312676
2	12193	1839	40.643107386313
2	12236	1845	46.624481245461
2	12277	1851	49.926201037784
2	12320	1857	49.643047504835
2	12356	1863	54.491300093128
2	12392	1869	53.949826574361
2	12438	1875	57.564952094822
2	12468	1881	61.483378795894
2	12498	1887	60.640231946112
2	12528	1893	65.298637596103
2	12568	1899	65.691155098009
2	12601	1905	68.593934368388
2	12628	1911	61.314570979179
2	12664	1917	63.923039291311
2	12708	1923	69.063699662424
2	12765	1929	72.437262925745
2	12805	1935	75.913256891344
2	12848	1941	76.548621562593
2	12881	1947	76.090278806087
2	12917	1953	81.860546019452
2	12948	1959	44.45973530266
2	12988	1965	41.781889869726
2	13021	1971	47.650325585588
2	13065	1977	51.98867223362
2	13111	1983	53.559851778329
2	13147	1989	58.373461170682
2	13204	1995	45.246156137042
2	13237	2001	39.936968451815
2	13274	2007	42.873997475599
2	13314	2013	39.763782585216
2	13352	2019	38.833935383805
2	13386	2025	31.092392064404
2	13435	2031	23.478577544662
2	13475	2037	25.218155470728
2	13518	2043	27.911327780839
2	13565	2049	33.279441265627
2	13601	2055	27.604733762094
2	13641	2061	30.501732199669
2	13687	2067	36.13768639862
2	13733	2073	35.46050352895
2	13776	2079	38.578752646099
2	13819	2085	44.445440733986
2	13857	2091	47.054170924904
2	13890	2097	46.552881795144
2	13933	2103	45.868193376346
2	13969	2109	47.249021761463
2	13999	2115	42.499095746143
2	14047	2121	40.479685242206
2	14077	2127	40.436049111867
2	14114	2133	39.559580901482
2	14164	2139	32.243807770841
2	14239	2145	28.696594190783
2	14274	2151	32.063469128531
2	14310	2157	33.682737006997
2	14354	2163	28.582201687771
2	14403	2169	33.069363629176
2	14446	2175	38.565603388976
2	14489	2181	39.941817024172
2	14516	2187	45.534681755885
2	14559	2193	39.89551119834
2	14593	2199	42.238156113276
2	14629	2205	47.23921494976
2	14671	2211	50.816697507074
2	14716	2217	49.328588119375
2	14767	2223	46.203332673575
2	14816	2229	51.600299531176
2	14855	2235	45.307871569736
2	14894	2241	44.265565202489
2	14928	2247	45.065118778491
2	14968	2253	48.344638268496
2	15002	2259	50.172983582576
2	15036	2265	54.41460259585
2	15079	2271	55.609150498686
2	15112	2277	57.279198012538
2	15153	2283	51.821867901515
2	15201	2289	56.641543769739
2	15237	2295	57.450649416193
2	15276	2301	50.6334858583
2	15309	2307	36.275901570451
2	15346	2313	40.410549191827
2	15379	2319	33.817638620382
2	15417	2325	37.519230217873
2	15444	2331	37.327706000371
2	15478	2337	40.607999175487
2	15531	2343	39.997427671595
2	15562	2349	28.59197342449
2	15608	2355	14.277528007061
2	15655	2361	19.188052701095
2	15699	2367	16.951708666109
2	15729	2373	18.994691865712
2	15773	2379	23.61393725677
2	15818	2385	25.013584964004
2	15863	2391	30.115113714455
2	15903	2397	13.984281861546
2	15940	2403	16.849706401459
2	15977	2409	17.810705393148
2	16013	2415	21.805532903382
2	16054	2421	11.377393131742
2	16099	2427	15.713547958162
2	16139	2433	14.991393461627
2	16176	2439	19.262114454177
2	16219	2445	23.736886477915
2	16253	2451	23.611891963599
2	16292	2457	26.76872248963
2	16348	2463	22.824355365619
2	16393	2469	25.176165611038
2	16430	2475	17.506307154193
2	16499	2481	21.463438004978
2	16538	2487	26.930012655601
2	16577	2493	20.482098361213
2	16620	2499	19.68176879944
2	16657	2505	23.112220626569
2	16709	2511	21.593752062576
2	16751	2517	26.567441148332
2	16796	2523	31.527416020966
2	16831	2529	35.014859907431
2	16874	2535	33.219663912835
2	16906	2541	33.131903387248
2	16953	2547	38.777729070111
2	16989	2553	29.996761295055
2	17028	2559	31.259901726027
2	17061	2565	33.414945297041
2	17099	2571	26.578080159146
2	17135	2577	28.228539541297
2	17185	2583	26.208573308789
2	17222	2589	32.177575592163
2	17261	2595	37.155311440046
2	17307	2601	36.047194536116
2	17344	2607	41.839206320744
2	17378	2613	40.40252336806
2	17422	2619	42.438232807554
2	17469	2625	44.156565888031
2	17510	2631	33.557684879701
2	17553	2637	19.744581164983
2	17592	2643	20.433280097075
2	17631	2649	24.1497347012
2	17664	2655	20.60024202273
2	17705	2661	26.317606997799
2	17744	2667	24.515872145605
2	17771	2673	26.101112183532
2	17814	2679	23.038683271403
2	17859	2685	22.400564881639
2	17906	2691	15.748559990327
2	17936	2697	19.043701126553
2	17970	2703	24.765964091044
2	18013	2709	26.767978834901
2	18049	2715	27.734139137327
2	18098	2721	30.1172736893
2	18131	2727	30.188381770306
2	18173	2733	27.546032140263
2	18219	2739	23.555103775998
2	18261	2745	24.413565167085
2	18295	2751	29.645745497887
2	18335	2757	19.064886854359
2	18375	2763	1.445250075472
2	18411	2769	5.178967842242
2	18494	2782	0.781975920184
2	18531	2788	1.06365536312
2	18581	2795	0.305223735864
2	18615	2801	4.838482380281
2	18656	2807	9.207541266198
2	18701	2813	1.200011933805
2	18747	2819	3.327133307652
2	18786	2825	7.202600507073
2	18820	2831	12.220884026006
2	18940	2849	0.44868755663
2	18982	2855	3.45895465336
2	19012	2861	6.47413478882
2	19055	2867	2.343267820674
2	19093	2873	6.038838390489
2	19140	2881	0.708355175497
2	19181	2887	4.16500113355
2	19221	2893	6.240739758441
2	19261	2899	7.809664536344
2	19304	2905	0.596053863712
2	19396	2917	1.046438837749
2	19463	2929	0.366049132048
2	19591	2950	0.311061477187
2	19634	2956	5.839616115449
2	19674	2962	9.782577760286
2	19707	2968	6.405468433854
2	19740	2974	12.347085398265
2	19777	2980	8.530426954687
2	19811	2986	7.061854481934
2	19849	2992	5.837127521243
2	19905	2999	0.416273492257
2	19953	3005	6.342798459199
2	20001	3011	12.14731453769
2	20046	3017	15.808321058582
2	20080	3023	14.673312611543
2	20119	3029	20.423939898756
2	20158	3035	9.700208102645
2	20204	3041	11.824616381209
2	20249	3047	10.422756715591
2	20293	3053	15.242025918868
2	20331	3059	16.837193020873
2	20379	3065	21.312377543709
2	20417	3071	22.07414323338
2	20457	3077	15.912821490928
2	20494	3083	17.879119820943
2	20531	3089	22.300154441309
2	20558	3095	19.90411706679
2	20594	3101	14.915879186167
2	20641	3107	4.867322823008
2	20702	3115	0.32867949694
2	20819	3135	0.227088862703
2	20865	3141	2.637784614099
2	20904	3147	4.160914632083
2	20960	3153	7.87571770592
2	21005	3159	7.963376238617
2	21052	3165	12.628042416741
2	21094	3171	12.292577020854
2	21128	3177	15.884331369566
2	21177	3183	21.800558960037
2	21216	3189	27.718954304109
2	21260	3195	19.159800949405
2	21315	3201	23.569968135098
2	21345	3207	28.226322372427
2	21377	3213	31.994466321872
2	21423	3219	34.055018466973
2	21464	3225	35.155650480539
2	21503	3231	37.901372318204
2	21543	3237	43.869427127789
2	21583	3243	45.384915074657
2	21627	3249	50.863124008554
2	21667	3255	56.486902575039
2	21697	3261	62.172346461926
2	21733	3267	54.060011151497
2	21767	3273	59.070570615851
2	21800	3279	64.886527361751
2	21833	3285	70.882540744408
2	21877	3291	62.430024300224
2	21922	3297	67.616977334386
2	21959	3303	71.772528433425
2	21993	3309	69.208600245399
2	22029	3315	70.796306791144
2	22071	3321	73.609601676451
2	22111	3327	78.697980524803
2	22142	3333	83.022684295104
2	22175	3339	51.977501857363
2	22209	3345	57.208610341975
2	22245	3351	41.53340308271
2	22289	3357	41.805427073443
2	22333	3363	45.162152392477
2	22377	3369	35.267000849361
2	22430	3375	32.351362748351
2	22464	3381	33.960160511263
2	22497	3387	39.55001038158
2	22527	3393	40.437941517094
2	22576	3399	42.758438387964
2	22606	3405	47.39857007736
2	22639	3411	39.846417932292
2	22670	3417	45.631659581792
2	22714	3423	49.215777793626
2	22748	3429	41.014224954701
2	22792	3435	40.388063516305
2	22832	3441	44.699629110127
2	22874	3447	49.996904075783
2	22910	3453	50.0178864331
2	22955	3459	53.309956919633
2	22993	3465	32.828026294501
2	23043	3471	20.069814430214
2	23096	3477	23.670072187738
2	23138	3483	29.241866524024
2	23182	3489	34.555018147673
2	23212	3495	23.351781711429
2	23248	3501	27.856948340408
2	23290	3507	26.503510328779
2	23324	3513	30.930868517578
2	23366	3519	35.053205395359
2	23417	3525	31.388905082752
2	23452	3531	35.105292614837
2	23491	3537	14.687806269309
2	23538	3543	20.031739188087
2	23578	3549	25.825609145137
2	23609	3555	31.716036548186
2	23651	3561	37.196959889401
2	23681	3567	34.486648748404
2	23719	3573	25.067347412301
2	23759	3579	23.763670355881
2	23792	3585	24.240167417296
2	23831	3591	12.87832758797
2	23869	3597	12.322565612176
2	23906	3603	15.022521427605
2	23940	3609	19.69122331922
2	23977	3615	14.333134318466
2	24013	3621	9.80458218022
2	24059	3627	13.460838172472
2	24099	3633	12.723110531311
2	24145	3639	16.782532478803
2	24188	3645	20.014855701419
2	24222	3651	19.763564308044
2	24255	3657	19.143897279176
2	24301	3663	22.930301950643
2	24338	3669	11.827288691678
2	24383	3675	15.295076368755
2	24424	3681	16.519353754787
2	24475	3687	21.896447736529
2	24513	3693	21.645018373677
2	24549	3699	27.452515450495
2	24587	3705	19.576223378055
2	24615	3711	24.612541730349
2	24645	3717	16.909316069246
2	24696	3725	0.72184752564
2	24729	3731	5.039041700866
2	24771	3737	9.227639614026
2	24815	3743	11.55035376058
2	24859	3749	14.000885978245
2	24908	3755	19.403970925509
2	24965	3761	24.037891012367
2	25012	3767	17.481591884413
2	25048	3773	23.453597678074
2	25087	3779	26.134810351357
2	25131	3785	29.187014459735
2	25158	3791	34.64881439929
2	25191	3797	38.004375317958
2	25234	3803	40.278492549658
2	25274	3809	40.635964522813
2	25306	3815	41.343064076712
2	25340	3821	23.746709668812
2	25378	3827	26.725261171968
2	25419	3833	14.056256325889
2	25455	3839	12.071323499843
2	25492	3845	17.128342965666
2	25522	3851	21.326758489563
2	25566	3860	0.652032324426
2	25656	3876	0.659640710152
2	25738	3889	0.540107543619
2	25803	3898	0.71870837394
2	25864	3907	0.252021388951
2	25915	3913	1.476337775151
2	25963	3919	5.613123889123
2	26005	3925	10.965495440159
2	26047	3931	14.892125019877
2	26090	3937	20.085371872566
2	26129	3943	1.641609158032
2	26196	3954	0.561543623029
2	26233	3960	5.569716347643
2	26258	3965	0.160663858908
2	26293	3971	5.526944320907
2	26324	3976	8.874826156562
2	26360	3982	2.765219946286
2	26399	3989	0.243371582633
2	26422	3993	2.576733617952
2	26464	3999	4.296386908141

